OUTPUT:
How many countries do you want to add to the list?
3

Country Names: 0 Burkina Faso
1 Lower middle income, 2 Togo, 

Size of list: 3

List of countries: 
Burkina Faso	0.0	0.0	0.0	0.0	0.0	0.0	0.0	0.0	0.0	0.0	0.0	0.0	0.0	0.0	0.0	0.0	0.0	0.0	0.0	0.0	0.0	0.0	0.0	0.0	0.0	0.0	0.0	0.0	0.0	0.0	0.0	0.0	0.0	0.0	0.0	0.0	0.00506143	0.014092851	0.024890963	0.044637705	0.217480374	0.637748952	0.902809026	1.880815092	3.037679629	4.720290206	7.354840819	13.05253397	20.62907931	25.3304628	36.72938024	48.02719397	60.60765215

Lower middle income	0.0	0.0	0.0	0.0	0.0	0.0	0.0	0.0	0.0	0.0	0.0	0.0	0.0	0.0	0.0	0.0	0.0	0.0	0.0	0.0	0.0	0.0	0.0	0.0	1.15621E-4	1.31007E-4	2.85978E-4	5.5593E-4	7.32503E-4	0.001018901	0.00151897	0.004360104	0.006930368	0.012677928	0.021380274	0.055464784	0.121564894	0.215456461	0.3004628	0.562529366	1.19647554	2.174459841	3.369692999	5.529896746	8.714394928	13.72863946	22.22270176	31.89637792	44.25722056	56.32561904	70.48956165	80.85681768	83.07992103

Togo	0.0	0.0	0.0	0.0	0.0	0.0	0.0	0.0	0.0	0.0	0.0	0.0	0.0	0.0	0.0	0.0	0.0	0.0	0.0	0.0	0.0	0.0	0.0	0.0	0.0	0.0	0.0	0.0	0.0	0.0	0.0	0.0	0.0	0.0	0.0	0.0	0.0	0.066492152	0.162312718	0.358576107	1.027801412	1.902959101	3.22303878	4.632345279	6.161062986	7.827044226	12.45197504	20.40031837	25.87965477	35.59849145	41.26668606	41.64413476	49.86113051


What country do you want to search for?
Burkina Faso
Country Burkina Faso found with details:

Burkina Faso	0.0	0.0	0.0	0.0	0.0	0.0	0.0	0.0	0.0	0.0	0.0	0.0	0.0	0.0	0.0	0.0	0.0	0.0	0.0	0.0	0.0	0.0	0.0	0.0	0.0	0.0	0.0	0.0	0.0	0.0	0.0	0.0	0.0	0.0	0.0	0.0	0.00506143	0.014092851	0.024890963	0.044637705	0.217480374	0.637748952	0.902809026	1.880815092	3.037679629	4.720290206	7.354840819	13.05253397	20.62907931	25.3304628	36.72938024	48.02719397	60.60765215

Country Names: 0 Burkina Faso
1 Lower middle income, 2 Togo, 

What country are you interested in? Enter a number between 0 and 3 
2

What subscription period do you want to total? Enter [starting year],[end year].
1995,1996
Total subscriptions for Lower middle income between 1995 and 1996 is 0.177030 

Done with TestGenericList.
